1111

1111115,341187,7 11111110331127, 10 11111121, 351 148, 21
111111 5, 31351 140,20 11111110, 37-301 127, 11111121, 391 148, 24
1111115, 371 140, 20 14 11111121, 421 148, 25
1111115, 301 108, 14 111111 11, 51 232, 4 11111121, 431 148, 12
1111115,41.40.421108, 111111 Ι11, 15 1111 20, 3 111111 22, 131 130, 5
17 11111111,2817,10 11111122,21173,23
111111 5, 441 3, 10 Μ1111 11, 2011 100, 4 11111122, 31. 321 105,
111111 5, 44. 451 3,15 11111112, 2512340 12
1111115,44-471 108, 5 111111 12, 201 241, 23 111111 22, 321 275, 8
1111115,451 25, 24 111111 1230183, 20 11111123,3121,0
111111 5, 451 81, 0 111111 12, 301 80, 23 Μ111123,10-221140,
1111115,451100,2 11111112, 321 178,0 23
111111 0, 3. 41 107, 23 11111112, 301 14,0 11111123, 351 148, 23
1111110,0-131 111, 10 111111 12, 301 200, 20 11111123, 381 101, 1
1111110,0-131207,25 11111112,37114,7 11111124, 41 205, 15
111111 0, 101 83, 7 111111 12, 401 145, 7 11111124,11.241 173,0
nuth 0, 12140, 24 111111 13, 101 184, 0 11111124, 121 173, 2
1111110, 131 120, 3 111111 13, 311 100, 10 11111124, 121 170, 15
1111110,131200,23 Μ111114,311203, 12 11111124,121212,2
111111 0, 131 210, 0 111111 15, 111 205, 21 11111124, 131 212, 7
1111110,20104,3 111111 10, 241 184, 23 11111124, 241 178,4
111111 0, 211 102, 20 111111 10201127, 18 11111124, 241 170, 10
1111110, 241 107, 0 111111 18, 71 4, 18 11111124, 301 100, 11
1111116,20.31.321110, 11111118,7122,3 11111124, 501 211, 22
20 11111118,10133,3 11111124, 511200, 24
1111111 7,·2170, 13 11111118,12138,11 111111 25, 34-40-1-401
1111117, 2170, 15 11111118,14127,8 124, 24
111111 7, 01 100, 13 111111 18, 15-17105, 11111125, 411 127, 0
111111 7, 151 172, 23 10 11111125,41-451 125,
1111117,15.1οτ173,4 11111118,101113,10 811
111111 7, 251 245, 0 111111 18, 101 237, 10 11111125, 401 212, 15
11111110, 2138, 10 11111118,18123,5 11111120,151142,12
111111 0, 121 27, 7 111111 10, 181238, 24 11111120, 241 142, 10
1111110, 1213114 11111118,201271,11 11111120, 251 142,8
1111110, 121 07, 7 111111 18, 21. 221 74, 17 11111120, 341 142, 20
11111110, 1511502 1111111041 101, 27 11111120, 411 120, 22
1111110, 221 103, 20 1110110151 174,4 11111120411277, 11
11111110,101210,10 1111111101 174,11 11111121451143,4
111111 10. 17. 18. 221 11111110,141170,0 11111127, 0. 101 142,
120, 18 111111 20, 20. 271 112, 1411
111111 10, 221240, 10 10 111111 27, 24. 251 150,
111111 10, 211 257, 20 111111 20, 281 112, 0 22
111111 10, 231 120, 10 11111121, 01 200, 20 11111127, 401 145, 1
111111 10, 2312710 11111121, 01250, 17 11111127,511 100, 23
111111 111281 12120 11111111, 11111, 13 Mam: 11, 10: 137, 14
111111 10, 321 124, 15 Μ111121,28.201 148, 10 Μ111128, 101224, 17

 

