1x

1111111 18, 121 53, 0 0011123, 191 193, 1 011114, 101 155, 10
Num 18, 201 51, ll 00111 25, 41 50, 17 Tob 4, 151 198, 5
Num 23, 231 94, 5 0011127, 01 85, 22 Iudith 8, 01 155, 17
Num 23231201, 17 0011123151 190,10 11100 β 1, 4111 100,5
11111124,91 3, 8 00111 27, 1712, 23 011111111001 45, 15
11111124, 91 108, 20 0011127, 251 70, 3 Iob 10, 10-131 130, 2
00111, 171 10, 20 11011127, 201 188,18 Iob 14, 4. 51 33, 15
00111 l, 17121, 15 0011128,’5.41210, 21 Iob 14, 111 242, 0
0011 l, 171 24, 10 0011128, 481 183, 7 Iob 20, 151 110, 9
00111 1, 17101121 0011129, 10147, 20 10520, 181 115, 25
001111, 171201, 1 0011130, 191 197, 3 Iob 22, 71 115, 21
001111,171203,0 0011132,211139,15 105 20, 71 250,2
001114, 191 139, 20 0011133, 11 233, 7 1011 31, 5. 0193, 7
001114, 20121010 0011133, 31 275, 9 Iob 31, 181 230, 7
00111 4, 391 218, 7 0011134, 81 270, 7 Iob 35, 7. 81 128, 21
00015, 281 85, 23 0001 34, 101 159, 2 lob 38,10.111 277, 25
00110, 4120,1 1011101,71205, 10 101138, 111215,1
1101110, 41 183, 20 100110 1, 810, 4 lob 38, 381 217, 13
00110, 41 180, 14 101110 5, 141 153, 19 101141, 2511 241, 27
11010.οι 18313 10su0 10, 111111, 11 10111.. 111, 11
001110,51198,1 110301,151155, 13 Ρ1111111, 1. 2192, 21
00110, 0. 71 187, 20 1103 01 12, 311 153, 21 Ρ11110 l, 21 187, 22
0011107105 11031113,13155,19 0111012, l. 21 151,7
0011112111230, l 1103 a 15, 221 185, 19 Ρ1111112, 7100, 10
Dent 70, 101 775, 2 1103 α 15, 231 94, 7 Ρ111111 2, 111 139, 2
0011 10, 23120021 11031 15, 231201, 10 Ρ1111114, 5179, 24
110111 15, 191 70, 3 1103 β 12, 131 33, 0 01111115, 71 200, 21
0011 10, 201 10, 20 1113 β 12, 131 42, 0 0111111 0, 01 24, 5
001111020121, 14 1103 β 15, 3. 41 157,9 Ρ1111117, 5180, 21
0011110201 75, 17 1103 β 20, 11 157, 11 Ρ111117,51198, 10
0011 17, 71 21, 18 1103322441221, 23 01111117, 161 109, 11
Dent 17, 71 09,18 1103 β 241 218, 2 0111111 8, 31 242, 2
11011178, 10. 11220018 1103 y 131 118, 0 1111111 11, 71 270, 13
001111315101 153, 14 1103 γ 13, 331 279, 17 001110 12, 01 151, 14
011119, 131 71, 4 1103 γ 18, 211 197, 0 Psalm 13, 41 211, 20
0011110, 141 2, 29 1103 γ 19, 81 1550 2111111 17, 51 243, 27
0011119, 151 70, 25 11033 19, 181233, 17 Ρ111111 18, 20. 271 72,
110111 10, 171 75, 0 1103 11 13, 211 105, 19 18

001122, 221 192, 22 1103 11211 42, 14 21111118,44(45)1149,1.
0011123, 81 80, 19 01111 0312. 131227, 0111111 19, 271 210, 15
0011123, 81 198, 10 25 Palm 19, 81 180, 18
0011123, 17. 181 192, 25 Ρ1111β 19, 2. 31 179,2 Palm 22, 13. 171 143,
11011123, 181 1119, 17 Ρ1111β20,371179,0 19

00111 23, 191 105, l Pml β 331 42, 14 0111111 22, 171 144, 0
0011123, 191 117, 12 111111 α 4, 301 241, 27 1111111 22, 191 144, 21
0011123, 101 118, 24 01111 α 9, 41 204, 17 Ρο1111122,28.201 170,11

 

