11110,14.36.461170,11 001 α 8, 61226, 1
Act 10, 441 170, 17 001 018, 61 226, 4
Aci 11, 161 170,17 001118, 61 249, 12
Act 13, 221 167, 13 001018, 61 249, 23
Aci 16, 11169, 2 00111 11, 319, 16
Aci 16, 71 169, 4 001 α 11, 31 101, 6

XV

011116, 271224, 10
1111116, 271 247, 8
Eph 6, 41 129, 26
Eph 6, 41 176, 8
Eph 6, 141211, 19
Phil 3, 101124, 1

mmmmmmmmmmmwcmmmm
mmmmm mmmmmmmmmmmo

Act 16, 10.111 179, 24 22

001 1, 161 220, 6

Act15,13-20:171,7 00101 11, 261 208, 28 001 1, 1612263
11111121-19117111 0011114, 211 231, 26 001 1, 161226,6

Aci 18, 261 280, 26
Act 19, 141 236, 6
4012028193, 16
Aci 20, 281 209, 22
Act 20, 281 247, 12
Actio, 281266, 23
101018117614
Animam 116,6
611126, 1412801
1101111,31220,16
1101111,111232,14
Rom 1, 2411 141, 3
Rom 1, 261 139, 26
Rom 2, 61 162, 13
Rom 2, 61 212, 14
1101112,61266,6 00167,11223,19
1101113,16-18140,16 00167,11240,9
1101114,1721134,19 00167,11243,16
1101114,1711249,17 00167,11269,6
Rom 6, 31 148, 7 00167,11263,24
1101116,31207,4 00169,81230,9
1101116,31209,2

Rom 8, 211 222, 19
1101119,61189,14
Rom 10, 121 262, 28
1101111211 187, 13
11011112,2183,2

11011113,41122,20
11011113,41204,21
Rom 13, 81 122, 23

cmmmnmm

001 6 4, 41 123, 20
001 6 4, 181 246, 6

001 6 6, 141 93, 24

(11112, 191 223, 28
Gal 3, 101 188,18
(101 4, 91 147, 26
(1111691323

Eph 1, 61 223, 26
Eph 1, 181223, 21
116112, 17181, 20
11011116,201243,8 116113, 161249,8
00101,10173,2 Ερ114,131246,21
001012, 91212, 17 116114, 301 278, 12
001016,19.201148,98611621268, 16
001117,261266,4 Eph 6, 271 93, 20

001 α 14, 331 279, 28 001 1, 161 249, 20
0010161421 134,23 001 1, 161264, 24
0010116, 321 102, 19 0011,221247,7
001 α 16, 201 247, 28 0012, 14124314
0011116, 221 209, 26 0013, 61 22328

mmmmmm

mmmmwmm mmammmzm

Thess 6 3, 101 96, 6
Tim 01 1, 11 179, 19

00166, 171 180, 13 Tim α 1, 11 216, 8

Tim α 1, 11241, 7

00166,1411149,7 ’11111111,11267,3
00166,141271, 16 11111011,11267,6
00166,161240,10 Τ111102,21268,22
00166, 171 169, 22 71111112, 31 267, 20

Tim α 2, 41 223, 10
Tim α 2, 41 244, 16
Tim 112, 61 168, 16
Tim α 3, 21 34, 1
Tim α 3, 61 16, 7
Tim 013, 161209, 28

001613, 131 230, 11 Tim 014, 101 197, 12
0016 13, 131 248, 27 Tim α 6, 161 278, 19

Tim 0169198, 1
Tim 016,1116,8
Tim α6,11160,3
Tim 116, 11164, 21
Tim 06,11176,6
Tim 016,11184,16
Τ1111 016, 111 126, 22
Tim α 6, 111 140, 17
Tim 016, 111 liii, 18
Tim α 0, 121 129, 13
Tim α 6, 161 167, 16
Tim 116, 161 261, 8

 

