11

Ρ111111126,4. 5192, 18 1111111191,71 146, 2511 Prov3, 9163, 22
Ρ1111111127, 121 144, 4 Ρ1111111101, 11 41, 21 Prov 3, 01 199, 5
Ρ111111131, 171 263, 4 Ρ1111111 103, 141 136, 9 Ρ1013,0. 101 119, 27
Ρ111111131, 171 272, 25 Psalm 103141 243,17 Prov 3, 281 176, 7
Ρ1111111 31, 211 221, 25 Ρ1111111104,21 250, 1 Ρ1113, 341200, 25
Ρ1111111133, 191 221, 24 Ρ1111111 104, 91 277, 24 Prov 3, 341 235, 18
Ρ1111111341 250, 28 Ρ1111111 104, 141 116, 18 Prov 5, 2-41 8, 26
Ρ111111137, 161 118, 12 Psalm 104, 241 216,19 Ρ1ο15,11-1419, 6
Ρ111111 37, 261 109,111 Psalm 104,321242, 3 Prov 5, 18. 191 104, 9
Ρ111111141, 21 00, 13 Ρ11111111 106, 201 182, 12 Prov 5, 221 27, 2
Ρ11111111 41, 111 151, 15 Ρ1111111 109, 81 168, 25 Ρ1016,21200, 18
Ρ111111145,1.4-81 153, Ρ1111111 109, 241 155,18 Prov 6, 0-8195, 10

24 Ρ11111111110, 11 106, 19 Ρ1016,9-11195, 19
Ρ1111111 50, 9.12-141 Ρ1111111110,4156,2 Ρ1016, 221 190,6

185, 22 Ρ111111112, 61 190,1 Prov 7, 1.4-1818,2
Ρ1111111 50, 121 182, 7. Ρ111111112,9162,19 Prov'l, 21. 2218, 23
Ρ111111151, 11-131 68, Ρ1111111 112, 91 99, 15 Prov 7, 2619, 5

17 Ρ1111111112,911242,1 Ρ1018, 22-251 1547
Ρ111111151, 121 241, 2 Ρ1111111 113, 11 229, 22 Ρ1019, 11 154, 11
Ρ111111151,12.191186,5 Ρ1111111 116, 71 195, 8 Prov 9, 81 201, 4
Ρ111111151, 14168, 15 Ρ1111111116,151 138,11 Ρ1019, 1819, 3
Ρ111111 51, 14: 243, 25 Ρ1111111 116, 151 195, 7 Ρ10110, 71 138, 13
Ρ111111162, 61 247, 15 Ρ1111111 119, 1. 21 187, Prov 10, 71 138, 17
Ρ111111 631 90,7 25 Prov 10, 71 195, 9
Psalm 63, 111 172, 25 Ρ1111111 119, 731 136,8 Prov10, 181 100,6
Ρ11111111 63,111 178,15 2111111121,81240, 11 2111111,41116,2
Ρ111111163, 121 200, 13 Psalm 121,81261, 10 Ρ11111,221 12, 5
Psalm 65, 21 229, 25 Ρ1111111128,3.41 193,8 Prov 11, 251 62, 22
Ρ11111111 68, 61 114, 10 Ρ1111111130,3.4130,23 Ρ10111,26162,7 .
Psalm 68, 16. 171100, 11111111 130,3.41244, 21 Prov 12, 41 11, 11

16 21111111 131, 1. 21 202,4 Prov 12, 41 12, 7
Palm 68, 181 146, 24 Ρ1111111 136, 251 257, 31 Prov 12, 281 79, 26
Ρ11111168, 1811462511 Ρ1111111 138, 61 237, 20 Ρ1·ο1112,281200, 16
Ρ1111111 68, 181217,10 1111111311111 136,9 Prov 13, 171202,18
Ρ1111111 68,191187,4 Ρ1111111139,161 136, 12 Prov 13, 201 178, 17
Ρ1111111 60, 221 144, 19 Paalm 139, 21. 221 178, Ρ1ο113,201202, 2011
Ρ111111172,81245,4 21 Ρ10113,241121, 10
Ρ111111172,81 250, 22 Ρ11111111 140,121200,18 Prov 14, 11 11, 12
Ρ111111 74, 4. 51 146,6 Ρ1111111141190,7 Prov 14, 51 138, 17
Ρ11111174, 151 253, 23 Psnlm 141, 51 119, 20 Prov 14, 121 178, 1
Ρ1111174, 191 24, 24 Ρ11111111 145, 31 218, 4 Prov 14, 201 67, 14
Ρ11111182, 61 54, 18 Ρ1111111 145161 116, 15 210114, 291202, 12
Ρ111111182, 61 59, 20 21111111 145,161 255,3 Prov 14, 311 200, 14
Ρ111111182, 81 151, 13 Ρ1111111 145, 171 137, 2 Prov 14, 33165, 14
Ρ1111111 00, 171240, 12 Ρ1011,8120,4 Ρ10115, 11 15, 23
Ρ1111191,1.6;141,19 Prov l, 16140,16 Prov 16, 61 02, 21

 

