1111

1111112, 10130,5 111115 34, 101353 3115 14, 71 144, 25
31111511 118, 10 31115 34, 17135, 17 1111 Ι, 0130,0
1111115, 171 93, 4 11111534,17-10135,9 Mal 1, 01 208, 8
311115, 1018110 11111534, 30. 311 35, Mal 1, 01235, 10
311111121100, 19 13 11111, 11.141211,0
11111 23, 151 100,2 111115 37, 11. 12. 141 Μ112, 71 57, 21
11111202. 31 19, 25 131, 24 Μ112,14(15)1174,9
311129, 221235, 13 111112, 341 154120 11112, 14. 151 194, 14
1111151, 181139, 12 Ι)114,24199,9 11113, 221 180, 20
Τ51114,201 152, 18 11115, 231 127, 2 811115 4, 311203, 12
Τ51154, 201 154, 25 11117, 131 154, 18 8111155, 711700
1111115 3, 30-381 152, Dan 8, 13: 217, 1 811115 8, 51 243, 19

20 Dan 10, 31 155, 10 811115 15, 131 128, 10
1111115 3, 381 209, 19 1111112, 11243, 14 811115 25, 201 174, 17
311115 4, 4: 187, 27 Dan 12, 2. 31 131, 11 811115 20, 291 117,9
111115 3, 111 19, 20 111112, 31 130, 21 811115 30, 121 121, ll
111115 3, 121 217, 7 81148. 491 78, 23 811115 34, 271 270, 20
31115 5, 0. 71 91, 15 01114, 01 175, 13 8112241 197, 111911
111115 8, 1011405 011119118, 11 Sap 3, 11195, 10
111115 8, 11181 1409 01119, 41 180,3 8111171419
11111514, 13. 141 25, 0111 ’10, 121 17, 13 111115 3, 21 82, 21

13 Osee 10, 131 32, 22 111115 3, 151232, 20
111115 10,47191,·17 Amos 4, 521 188, 22 31115 3, 101270, 13
11111518, 2-51 27, 22 111115, 231 185, 17 111115 4, 1. 21 200, 21

111115 18, 01 193, 23 Amos 9, 11. 121 171, Μ1115 4, 231232, 1
11111518,9-11128,8 10 1111154, 231240, 10
31115 18, 13128, 12 11113, 11 101, 3 1111151231247, 18
31115 18, 19. 201 28, 1111 3, 51 170, 10 1111151231254, 30

14 111113, 71 155, 14 111115 5, 51 14, 24
31115 18, 201 25, 12 1111114, 111210, 13 Matth 5, 51202, 11
311151824128, 19 Nahum 1311111 Μ1115 5, 71 14, 25
31115 18, 27. 281 28, Nahum l, 41242, 1 111115 5, 71 202, 13

24 315112, 91 200, 22 Μ11115, 8: 15, 4
111115 18, 301 29, 2 Sophon 3, 101 208, 23 111115 5, 91 15, 1
3111520, 251 184, 12 Aggae 1,οε 277, l 1111111, 91 74, 25
31115 33, 2. 01 19, 4 3115 3, 21 101, 18 Μ1115 5, 11. 121 20, 21
31115 33, 3-51 19,9 31153, 41 101, 22 1111155,11.121120,11

’ 111115 33,7-91 18, 19 3115 7, 91 04,7 1111155,1717,7

31115 33, 101 37, 18 31158, 171 81, 2 111115 5, 171 181, 3
31115 33, 11123, 11 3115 9, 91 154, 15 111115 5, 181 181, 2
3111533, 111 204, 14 3115 0, 171 110, 10 1111155191 18, 14
3111533, 191 244, 13 3115 9, 111 205, 24 Μ11111,10162, 15
3111534, 2-5134, 15 311510, 31 30,7 111115 5, 221 00,7
3111534, 31 50, 13 3115 12, 11 135, 18 Μ1115 5, 23. 241 80, 2
3111534, 4139, 10 311512, 101 152, 14 31115 5, 27. 281 2,9
31115 34, 8: 35, 1 3115 13, 21 139, 14 111115 5, 33. 341 200,11

 

