xlv

111111112819. 201 55,8 11110 15, 71243, 21 101112, 431 129, 11
·Ἵωοωωωωωοοωεωο000
1111111128, 201 220, 8 11110 15, 211 67, 21 1011 13, 171 188, 1
Μ11ῖα 1, 431 180, 24 Luc 15, 31. 321 68, 9 1011 13, 211 141, 26
Μαῖα 5, 91 241, 16 11110 16, 151 202, 17 1011 13, 261 142, 7
Μαῖα 5, 341 38, 26 11110 17, 141 186, 26 101113, 341 186, 18
Μ11012,42-441104,5 11110 18, 81 179, 14 1011 13, 351 15, 24
Marc 14, 201 142, 6 1111018, 141202,Ιο 1011 15, 131 112,13
Μ111015,281 150,5 11110 18, 271136, :N 1011 15, 151 184,0
Μ111016, 151 137, 23 11110 19, 10139, 5 1011 15, 201 126, 15
Mare 16, 161 176, 2 Luc 19,41. 44: 145,18 101116, 321 142, 17
1111016,17.181230,23 11110 26, 381 195, 15 1011 16, 331 126, 17
111101,331225, 14 11110 20, 381 275,9 1011 17, 31 148,5
Luc 2, 14: 229, 10 11110 21, 181 131, 7 1011 17, 31 186, 15
11110 2, 141 259, 16 1111021, 191 131, 0 Ioh 17, 4: 255, 6
Luc 2, 20-321 2303 11110 22, 191 151, 10 1011 17, 6. 4: 230, 17
11110 2, 36. 371 97, 6 1111022, 321 161, 25 1011 17, 171 247, 16
11110 2, 511 187, 1 11110 22, 421 143, l 1011 17, 251 230, 19
111103,13166,9 11110 23, 21 143, 27 1011 18, 11 142, 24
11110 3, 141 117, 23 11110 23, 211 151, 3 1011 18, 381 143, 21
Luc 3, 141 208, 20 1111023, 34130, 15 1011 19, 121 151, 3
111104, 19138, 17 11110 23, 341 145, 2 1011 19, 151 151, 1
11110 4, 241 88, 21 1111023, 461 130, 19 101119, 151 188, 9
11110 6, 30109, 1 1111023, 401 145,3 101120, 231 238, 22
11110 6, 371 64, 10 1011 1, 31 249, 30 101121, 151238, 16
11110 6, 38140, 21 1011 1,291229, 17 11011, 1118, 1411
11110 6, 401 130, 13 1011 1, 291 229, 25 1111, 91 138, 1
111100, 411 31, 17 10113, 51 175, 25 1111, 01 196, 15
11110 7, 471 49, 6 10113, 51 242, 26 Act 1, 91 232, 25
11110 8, 31 124, 3 10113, 1212466 1111, 181200, 1 .
11110 165181, 18 10113, 15183,3 Aet 1, 261 108, 25
11110 10, 5. 61 108, 21 10113,361155,4 11011, 241 238, 15
11110 10, 71 49, 24 1011 5, 251 132, 24 11014, 271259, 2
1111010, 161360 10115, 301 17,5 11014, 301238, 29
1111010, 161236, 14 10115, 461 17,6 11017, 55. 561 196, 22
11110 10, 161 277, 18 10116, 271 92, 7 11017, 55. 561 280, 27
11110 10, 181 241, 28 10116, 291 92, 9 11018, 181 119, 3
11110 10, 191 241, 24 10116, 451269, 13 Act 8, 101 103, 9
11110 10, 201 231, 14 10116, 671 181, 24 11018,20-231 163, 18
11110 12, 481 33, 12 10117, 241 64, 11 11018, 241 164, 2
11110 12, 571 64, 12 1011 8, 111 49, 11 11019, 151 49, 5
11110 14, 111 15, 8 10118, 441 40, 5 11019, 15182, 23
11110 14, 13156, 21 1011 16, 11. 121 37, 23 11019, 15: 173, 15
11110 1423184, 1 1011 10291247, 14 1019, 151 230, 10
11110 14, 331 128, 14 1011 11, 251 132, 18 110110,10-201169,21

mmfflQm mmwfflw mmmmm

 

