01111, 11 185, 1 011149, 1091 108,,17 1111011 33, 191278, 23
Gen 1, 21 214,14 011149, 101 187, 5 Lev 15, 811 17, 27
Gon 1, 01214, 14 1111112, 141 158, 1 11111, 311 32, 15
Gon 1, 91 214, 23 811113, 14. 151 214,0 Lev 15, 311 09, 18
Gen 1, 14: 215. 8 811117, l: 58, 20 Lev 18, 221 192, 20
01111151 139, 24 Exod 14, 291219, 18 Lev 19, 01 120, 17
Gen 1, 101278, 18 111111 1520120, 117 Lov 19, 151 10, 18
Gon 1, 201 215, 10 Exod 108100, 5 111119, 15109, 10
Gen 1, 201 251, 8 1111020, 01 273, 25 Lev 19, 171 89, 15
(1111111. 271 135, 22 11111120, 12100, 20 Lov 19, 171201, 2
01111,281192,2 Ειο1120,121204, 15 111119,18150,15
Gen 1,281272, 21 11101120, 181 199, 0 Lev 10, 181 180,Ιο
Gen 1, 811 108, 5 11101120, 1414, 10 1111 19, 20194, 7
0112212104 11111120,141199,10 111119,2715,13
0111271 132, 2411 1111020, 151 199, 19 1111119,2715, 10
01112, 81 251, 18 11111120,101200,18 11120, 101 192, 22
011112, 241 07, 20 11111120, 171 1, 21 11120, 131 192, 20 .
01112, 241 199, 12 11111120, 1714, 10 111121, 141 177, 14
01113, 101 105, 21 11111120, 171 104, 24 111121, 171 15, 21
Gen 3, 191 132, 24 N Exod 20, 171 200, 10 Lev26,11. 121 240,10
Gon 4, 71 8020 11111120, 24251 181,17 Lov 20, 27. 281 72, 10
01110, 31 205, 20 11111121, 171 00, 21 Num 0, 24-201 87, 28
01119, 01 71,3 11111121,221200,8 11111112,21157,20
Gen 13, 101 213, 25 11111122, 18: 200, 0 Num 12, 8100, 8
(1111111111 111111111111, 11 Num 11, 14: 111
Gen 18, 121 194, 0 111οά22, 271 59, 17 Num 14, 4: 150, 8
011118,28120,5 11111123, 2. 11 77,14 Num 10, 31 157, 21
Gen 19, 241 153, 0 1111112331 10, 19 1711117018141 157, 10

111111, 11111111 111111111111 1111111,11;111,1
(30:126, 3² 21414 11101123, 71 70,2 11111110,221273,12
011120, 151274, 7 11111123, 7. 8121, 10 Num 10, 201 159, 21

11112225· 2111111 1111111, 11 1111 Num 11, 111111, 11
(111112, 111 111, 11 11111111 11111 111111,1;11,1
(111 11, 1⁸: 111, 11 1111111, 4: 111, 11 Num 11, 1. 8-10: 11,
011148, 41 214, 7 13111138, 111 278, 27 21

 

