Prov 16, 6199, 12
Prov 16, 61 203, 15

11111 6, 21 116, 8
111117, 261 12, 3

Prov 17, 1521 118, 2 8111 10, 11 32, 5

Prov 18, 31 11, 27

11111 10, 18196, 5

x1

Isaj 52, 51 100, 21
Isaj 52, 51 208, 12
111153, 11 147, 19
luaj 53, 41 52, 9

Prov 18, 221 174, 16 Eccl 12, 141 131, 21 Isaj 53, 111 112, 4

Prov 19, 131 193, 3
Prov 19, 141 174, 3
Prov 19, 141 193, 7
Prov 19, 171 99, 17
Prov 19, 171203, 18
Ρ11119, 181 121, 8
Prov 19, 181 204, 1
Prov 19, 241 16, 8
Prov 19, 241 96, 3
Prov 20, 91 33, 22
Prov 20, 91 243, 18
Prov 20, 131 200, 15
va 20, 221 3, 12
911121, 13199, 18
Ρ11121, 131 203, 20
Ρ11121, 191 12, 8
Prov 21, 191 13, 11
911121, 271 186, 2
Prov 22, 101 21, 19
Prov 23, 141 121, 8
Prov 23, 211 16, 11

611112, 151 173, 1
61112, 151 178, 15
Isaj 1, 6169, 6
lsaj 1, 71 114, 13
111] 1, 81 160, 11

111153, 12152, 10
1111 53, 121 144, 23
Isaj 53, 121 150, 5
111154, 131269, 13
111514, 141 119, 9

ΜῃψωωεωἏωΜΛ

Isaj 1, 161 242, 24
Isaj 1, 191 205, 19 ·
Iuj 1, 221 117, 11
11112, 1. 21 160, 20
Isaj 5, 61 160, 7
11115, 81 50, 14
1111 5, 8. 91 2, 19
Isaj 5, 26170, 10
Inaj 5, 231 70, 5
111] 6, 21253, 29
Isaj 6, 31 217, 3
11116, 31254, 4
INJQQwAQ2
Iuaj 6, 9. 101 147, 20
Isaj 7,141147, 12

Ρωηηωωφω1ωηη

Prov 23, 311 16, 13
Prov 24, 111120, 10
Prov 24, 271 24, 9
Prov 20, 21 109, 5

911126, 17178, 15
Prov 20, 271 109, 13
Prov 28, 191 95, 25
Prov 29, 121 32, 6

Prov 29, 171 121, 7

1111131116, 10 ’

11119, 51 168, 20
11159, 61 48, 20

Isaj 9, 61 249, 21
lnj 11, 11168, 19

Isaj 11, 41212, 6
111114, 191151, 10
111122, 131 102, 19
111311, 191 132, 4
111518, 111 231, 25
Iuaj 35, 31 67, 11

Prov 31, 4. 51276, 20 lsaj 35, 101 274, 30
Prov 31, 10-311 10,1 Isaj 40, 1. 21 29, 11

11111 2, 251 116, 14
11111 2, 251 206, 2
11111 4, 51 16, 10
111114, 5196, 2
111115, 4196, 18
8111 5, 41 123, 1

mmwa
mmwml

111143, 101 198, 3
111145, 51 218, 9
[saj 45, 51247, 15
1111 52, 51 13, 8

1111156101 179, 16
111157, 11 138, 14
1113 57, 151 237, 29
1111 57, 201 179, 9
lsaj 58, 6180, 23
Isnj 58, 61 238, 23
111] 58, 71 99, 5
11115871 204, 18

“ Inaj 58, 91 103, 22

lsaj 59, 7140, 16
lsaj 62, 21 110, 1811
111163, 101 147, 5
1111163131 182, 17
111] 64, 71 136, 14
111165, 11146, 16
lsaj 65, 2. 31 147, 1
lsaj 65, 241 103, 22
Isaj 66, 21 14, 21
Isaj 6621202, 15

111] 66, 21 236, 3
Prov 26, 91 277, 1 Isaj 11, 1. 101 154,12 Hier 1, 51 135, 17

Hiera 10. 111 91, 20
Hier 2, 11191, 19
111113, 11191, 18
Η1113, 221 25, 4
Η1114, 41 175, 1
Hier 5, 71 139, 13
Hier 6, 201 185, 2
Hier 7, 161 118,17
Η1117, 21. 221 185, 5
Hier 8, 4. 51 25, 2
Η111 10, 2194, 10
Hier 10, 21 139, 22
Hier 12, 71 160, 6
Hier 12, 81 144, 7

 

